15000000000,123456
15000000001,123456
15000000002,123456
15000000003,123456
15000000004,123456
15000000005,123456
15000000006,123456
15000000007,123456
15000000008,123456
15000000009,123456
15000000010,123456
15000000011,123456
15000000012,123456
15000000013,123456
15000000014,123456
15000000015,123456
15000000016,123456
15000000017,123456
15000000018,123456
15000000019,123456
15000000020,123456
15000000021,123456
15000000022,123456
15000000023,123456
15000000024,123456
15000000025,123456
15000000026,123456
15000000027,123456
15000000028,123456
15000000029,123456
15000000030,123456
15000000031,123456
15000000032,123456
15000000033,123456
15000000034,123456
15000000035,123456
15000000036,123456
15000000037,123456
15000000038,123456
15000000039,123456
15000000040,123456
15000000041,123456
15000000042,123456
15000000043,123456
15000000044,123456
15000000045,123456
15000000046,123456
15000000047,123456
15000000048,123456
15000000049,123456
15000000050,123456
15000000051,123456
15000000052,123456
15000000053,123456
15000000054,123456
15000000055,123456
15000000056,123456
15000000057,123456
15000000058,123456
15000000059,123456
15000000060,123456
15000000061,123456
15000000062,123456
15000000063,123456
15000000064,123456
15000000065,123456
15000000066,123456
15000000067,123456
15000000068,123456
15000000069,123456
15000000070,123456
15000000071,123456
15000000072,123456
15000000073,123456
15000000074,123456
15000000075,123456
15000000076,123456
15000000077,123456
15000000078,123456
15000000079,123456
15000000080,123456
15000000081,123456
15000000082,123456
15000000083,123456
15000000084,123456
15000000085,123456
15000000086,123456
15000000087,123456
15000000088,123456
15000000089,123456
15000000090,123456
15000000091,123456
15000000092,123456
15000000093,123456
15000000094,123456
15000000095,123456
15000000096,123456
15000000097,123456
15000000098,123456
15000000099,123456
